# 5
avP600_0_1_sca=0.4878823 avP600_0_1_scb=2.234479e-09 avP600_0_1_scc=3.631909e-18 avP600_0_2_sca=0.4716825 avP600_0_2_scb=1.095387e-09 avP600_0_2_scc=6.537808e-19 avP600_0_3_sca=0.4803879 avP600_0_3_scb=7.660919e-10 avP600_0_3_scc=2.994469e-19 avP600_0_4_sca=0.5051796 avP600_0_4_scb=9.588332e-10 avP600_0_4_scc=3.188981e-19 avP600_0_5_sca=0.5327306 avP600_0_5_scb=1.982515e-09 avP600_0_5_scc=1.027964e-18 avP600_0_6_sca=0.6170051 avP600_0_6_scb=1.407257e-08 avP600_0_6_scc=6.613761e-17 avP600_0_7_sca=0.5515733 avP600_0_7_scb=2.039326e-07 avP600_0_7_scc=2.663862e-14 avP600_0_8_sca=0.9932323 avP600_0_8_scb=7.953949e-06 avP600_0_8_scc=5.393618e-11 avP600_0_9_sca=1.334846 avP600_0_9_scb=5.595055e-05 avP600_0_9_scc=3.256396e-09 avP600_0_10_sca=2.205271 avP600_0_10_scb=0.0005293061 avP600_0_10_scc=3.943083e-07 avP600_0_11_sca=2.913776 avP600_0_11_scb=0.001292238 avP600_0_11_scc=2.749864e-06 avP600_0_12_sca=7.520998 avP600_0_12_scb=0.009017212 avP600_0_12_scc=0.0002219688 
avP600_0_10_sca=1.896863 avP600_0_10_scb=0.0002760446 avP600_0_10_scc=9.715744e-08 avP600_0_11_sca=2.410764 avP600_0_11_scb=0.0006847546 avP600_0_11_scc=6.885054e-07 avP600_0_12_sca=5.329557 avP600_0_12_scb=0.005120925 avP600_0_12_scc=5.958996e-05 avP600_0_1_sca=0.4844741 avP600_0_1_scb=1.682307e-09 avP600_0_1_scc=2.023011e-18 avP600_0_2_sca=0.4904911 avP600_0_2_scb=2.460251e-09 avP600_0_2_scc=3.43504e-18 avP600_0_3_sca=0.5110165 avP600_0_3_scb=3.606653e-09 avP600_0_3_scc=7.494331e-18 avP600_0_4_sca=0.5320552 avP600_0_4_scb=3.700678e-09 avP600_0_4_scc=7.498812e-18 avP600_0_5_sca=0.555992 avP600_0_5_scb=4.201572e-09 avP600_0_5_scc=7.662625e-18 avP600_0_7_sca=0.7028202 avP600_0_7_scb=1.197529e-07 avP600_0_7_scc=8.334775e-15 avP600_0_8_sca=0.949301 avP600_0_8_scb=3.997036e-06 avP600_0_8_scc=1.279382e-11 avP600_0_9_sca=1.226437 avP600_0_9_scb=2.846369e-05 avP600_0_9_scc=7.825402e-10 
avP600_0_10_sca=1.985272 avP600_0_10_scb=0.0004650578 avP600_0_10_scc=2.982034e-07 avP600_0_11_sca=2.647823 avP600_0_11_scb=0.001139331 avP600_0_11_scc=2.086903e-06 avP600_0_12_sca=6.827265 avP600_0_12_scb=0.008075134 avP600_0_12_scc=0.0001711199 avP600_0_1_sca=0.3261228 avP600_0_1_scb=2.324277e-12 avP600_0_1_scc=1.94985e-24 avP600_0_2_sca=0.3211375 avP600_0_2_scb=3.792579e-13 avP600_0_2_scc=2.575243e-26 avP600_0_3_sca=0.336603 avP600_0_3_scb=1.584227e-11 avP600_0_3_scc=9.87938e-23 avP600_0_4_sca=0.3606181 avP600_0_4_scb=1.828228e-10 avP600_0_4_scc=1.460224e-20 avP600_0_5_sca=0.3874137 avP600_0_5_scb=1.070234e-09 avP600_0_5_scc=5.436088e-19 avP600_0_6_sca=0.4554053 avP600_0_6_scb=1.848389e-08 avP600_0_6_scc=1.885515e-16 avP600_0_8_sca=0.8333958 avP600_0_8_scb=6.93161e-06 avP600_0_8_scc=4.046092e-11 avP600_0_9_sca=1.160699 avP600_0_9_scb=4.889669e-05 avP600_0_9_scc=2.449543e-09 
avP600_0_6_sca=0.6025912 avP600_0_6_scb=2.204801e-08 avP600_0_6_scc=2.527414e-16 avP600_0_7_sca=0.701574 avP600_0_7_scb=2.354425e-07 avP600_0_7_scc=3.561819e-14 
$This is end of the device boxl file$
